2021;;;
name_;code_;male_;female_
Deutschkreutz;<10801>;1495;1619
Draßmarkt;<10802>;667;705
Frankenau-Unterpullendorf;<10803>;519;546
Großwarasdorf;<10804>;671;683
Horitschon;<10805>;894;925
Kaisersdorf;<10806>;291;319
Kobersdorf;<10807>;938;941
Lackenbach;<10808>;558;596
Lackendorf;<10824>;293;289
Lockenhaus;<10809>;982;1034
Lutzmannsburg;<10810>;400;442
Mannersdorf an der Rabnitz;<10811>;907;877
Markt Sankt Martin;<10812>;609;644
Neckenmarkt;<10813>;840;839
Neutal;<10814>;538;553
Nikitsch;<10815>;688;714
Oberloisdorf;<10828>;390;402
Oberpullendorf;<10816>;1554;1711
Pilgersdorf;<10817>;826;795
Piringsdorf;<10818>;423;434
Raiding;<10819>;404;499
Ritzing;<10820>;458;441
Steinberg-Dörfl;<10821>;647;632
Stoob;<10822>;702;668
Unterfrauenhaid;<10825>;329;315
Unterrabnitz-Schwendgraben;<10826>;327;312
Weingraben;<10827>;168;187
Weppersdorf;<10823>;888;925
Eisenstadt;<10101>;7224;7671
Rust;<10201>;953;1047
Breitenbrunn;<10301>;936;947
Donnerskirchen;<10302>;907;934
Großhöflein;<10303>;1035;1087
Hornstein;<10304>;1520;1656
Klingenbach;<10305>;614;609
Leithaprodersdorf;<10306>;615;602
Loretto;<10320>;234;242
Mörbisch am See;<10307>;1110;1118
Müllendorf;<10308>;690;694
Neufeld an der Leitha;<10309>;1723;1864
Oggau am Neusiedler See;<10310>;879;859
Oslip;<10311>;639;632
Purbach am Neusiedler See;<10312>;1430;1469
Sankt Margarethen im Burgenland;<10313>;1337;1346
Schützen am Gebirge;<10314>;722;695
Siegendorf;<10315>;1523;1595
Steinbrunn;<10316>;1457;1475
Stotzing;<10321>;422;401
Trausdorf an der Wulka;<10317>;1023;1044
Wimpassing an der Leitha;<10318>;857;845
Wulkaprodersdorf;<10319>;989;993
Zagersdorf;<10323>;524;577
Zillingtal;<10322>;483;508
Antau;<10616>;380;388
Bad Sauerbrunn;<10611>;1067;1195
Baumgarten;<10617>;433;452
Draßburg;<10601>;608;618
Forchtenstein;<10602>;1390;1410
Hirm;<10603>;487;525
Krensdorf;<10619>;311;330
Loipersbach im Burgenland;<10604>;605;596
Marz;<10605>;1030;1065
Mattersburg;<10606>;3651;3887
Neudörfl;<10607>;2330;2458
Pöttelsdorf;<10608>;370;397
Pöttsching;<10609>;1480;1516
Rohrbach bei Mattersburg;<10610>;1274;1359
Schattendorf;<10612>;1156;1198
Sieggraben;<10613>;639;612
Sigleß;<10614>;556;583
Wiesen;<10615>;1349;1348
Zemendorf-Stöttera;<10618>;637;626
Andau;<10701>;1096;1169
Apetlon;<10702>;864;882
Bruckneudorf;<10703>;1448;1605
Deutsch Jahrndorf;<10704>;312;314
Edelstal;<10727>;392;390
Frauenkirchen;<10705>;1363;1491
Gattendorf;<10706>;703;709
Gols;<10707>;1938;2006
Halbturn;<10708>;927;997
Illmitz;<10709>;1170;1207
Jois;<10710>;806;818
Kittsee;<10711>;1659;1759
Mönchhof;<10712>;1095;1119
Neudorf;<10725>;349;355
Neusiedl am See;<10713>;4201;4442
Nickelsdorf;<10714>;901;908
Pama;<10715>;609;623
Pamhagen;<10716>;778;788
Parndorf;<10717>;2475;2587
Podersdorf am See;<10718>;1042;1086
Potzneusiedl;<10726>;316;307
Sankt Andrä am Zicksee;<10719>;682;710
Tadten;<10720>;559;604
Wallern im Burgenland;<10721>;814;858
Weiden am See;<10722>;1252;1275
Winden am See;<10723>;671;686
Zurndorf;<10724>;1158;1122
Bildein;<10426>;164;170
Bocksdorf;<10401>;390;425
Burgauberg-Neudauberg;<10402>;642;692
Eberau;<10403>;472;456
Gerersdorf-Sulz;<10404>;505;498
Großmürbisch;<10420>;117;118
Güssing;<10405>;1747;1918
Güttenbach;<10406>;413;470
Hackerberg;<10418>;193;171
Heiligenbrunn;<10407>;363;381
Heugraben;<10424>;123;104
Inzenhof;<10421>;166;164
Kleinmürbisch;<10422>;115;114
Kukmirn;<10408>;999;1010
Moschendorf;<10428>;190;196
Neuberg im Burgenland;<10409>;459;509
Neustift bei Güssing;<10410>;229;217
Olbendorf;<10411>;696;761
Ollersdorf im Burgenland;<10412>;463;458
Rauchwart;<10427>;223;237
Rohr im Burgenland;<10425>;179;200
Sankt Michael im Burgenland;<10413>;486;501
Stegersbach;<10414>;1310;1378
Stinatz;<10415>;623;595
Strem;<10416>;417;455
Tobaj;<10417>;681;661
Tschanigraben;<10423>;33;34
Wörterberg;<10419>;232;247
Deutsch Kaltenbrunn;<10501>;837;878
Eltendorf;<10502>;480;421
Heiligenkreuz im Lafnitztal;<10503>;627;635
Jennersdorf;<10504>;2009;2112
Königsdorf;<10511>;394;384
Minihof-Liebau;<10505>;531;534
Mogersdorf;<10506>;586;562
Mühlgraben;<10512>;200;183
Neuhaus am Klausenbach;<10507>;440;480
Rudersdorf;<10508>;1036;1108
Sankt Martin an der Raab;<10509>;995;970
Weichselbaum;<10510>;360;347
Bad Tatzmannsdorf;<10901>;768;832
Badersdorf;<10931>;148;140
Bernstein;<10902>;1005;1074
Deutsch Schützen-Eisenberg;<10903>;530;553
Grafenschachen;<10904>;625;624
Großpetersdorf;<10905>;1706;1843
Hannersdorf;<10906>;367;379
Jabing;<10930>;381;373
Kemeten;<10907>;744;751
Kohfidisch;<10908>;745;703
Litzelsdorf;<10909>;570;563
Loipersdorf-Kitzladen;<10910>;671;682
Mariasdorf;<10911>;561;578
Markt Allhau;<10912>;938;935
Markt Neuhodis;<10913>;325;334
Mischendorf;<10914>;776;751
Neustift an der Lafnitz;<10929>;381;423
Oberdorf im Burgenland;<10915>;487;523
Oberschützen;<10916>;1213;1239
Oberwart;<10917>;3613;4049
Pinkafeld;<10918>;2858;3024
Rechnitz;<10919>;1438;1499
Riedlingsdorf;<10920>;828;819
Rotenturm an der Pinka;<10921>;706;727
Schachendorf;<10922>;372;375
Schandorf;<10932>;133;131
Stadtschlaining;<10923>;973;1031
Unterkohlstätten;<10924>;497;505
Unterwart;<10925>;487;472
Weiden bei Rechnitz;<10926>;426;405
Wiesfleck;<10927>;588;577
Wolfau;<10928>;716;719
Waidhofen an der Ybbs;<30301>;5511;5623
Allhartsberg;<30501>;1098;1082
Amstetten;<30502>;11564;12005
Ardagger;<30503>;1802;1734
Aschbach-Markt;<30504>;1895;1890
Behamberg;<30506>;1776;1679
Biberbach;<30507>;1148;1136
Ennsdorf;<30508>;1534;1560
Ernsthofen;<30509>;1132;1154
Ertl;<30510>;657;602
Euratsfeld;<30511>;1359;1327
Ferschnitz;<30512>;940;896
Haag;<30514>;2805;2851
Haidershofen;<30515>;1880;1830
Hollenstein an der Ybbs;<30516>;839;835
Kematen an der Ybbs;<30517>;1283;1387
Neuhofen an der Ybbs;<30520>;1545;1455
Neustadtl an der Donau;<30521>;1055;1088
Oed-Oehling;<30522>;981;991
Opponitz;<30524>;446;429
St. Georgen am Reith;<30526>;285;259
St. Georgen am Ybbsfelde;<30527>;1472;1454
St. Pantaleon-Erla;<30529>;1360;1308
St. Peter in der Au;<30530>;2553;2608
St. Valentin;<30531>;4687;4633
Seitenstetten;<30532>;1722;1709
Sonntagberg;<30533>;1870;1893
Strengberg;<30534>;1058;1059
Viehdorf;<30536>;689;672
Wallsee-Sindelburg;<30538>;1077;1117
Weistrach;<30539>;1131;1147
Winklarn;<30541>;935;908
Wolfsbach;<30542>;1064;998
Ybbsitz;<30543>;1741;1637
Zeillern;<30544>;970;906
Artstetten-Pöbring;<31502>;631;610
Bergland;<31503>;973;943
Bischofstetten;<31504>;606;630
Blindenmarkt;<31505>;1405;1319
Dorfstetten;<31506>;285;294
Dunkelsteinerwald;<31507>;1209;1190
Emmersdorf an der Donau;<31553>;865;888
Erlauf;<31508>;558;535
Golling an der Erlauf;<31509>;757;737
Hofamt Priel;<31511>;845;886
Hürm;<31513>;928;929
Kilb;<31514>;1270;1310
Kirnberg an der Mank;<31515>;570;534
Klein-Pöchlarn;<31516>;507;556
Krummnußbaum;<31517>;768;781
Leiben;<31519>;692;663
Loosdorf;<31520>;1875;1955
Mank;<31521>;1591;1630
Marbach an der Donau;<31522>;843;845
Maria Taferl;<31523>;470;449
Melk;<31524>;2712;2884
Münichreith-Laimbach;<31525>;830;840
Neumarkt an der Ybbs;<31527>;969;1047
Nöchling;<31528>;541;495
Persenbeug-Gottsdorf;<31530>;1046;1110
Petzenkirchen;<31531>;728;722
Pöchlarn;<31533>;1921;2023
Pöggstall;<31534>;1206;1215
Raxendorf;<31535>;536;503
Ruprechtshofen;<31537>;1141;1154
St. Leonhard am Forst;<31539>;1557;1495
St. Martin-Karlsbach;<31540>;807;812
St. Oswald;<31541>;587;530
Schollach;<31543>;519;510
Schönbühel-Aggsbach;<31542>;468;494
Texingtal;<31551>;846;802
Weiten;<31546>;548;562
Ybbs an der Donau;<31549>;2764;2801
Yspertal;<31552>;1008;1001
Zelking-Matzleinsdorf;<31550>;577;638
Gaming;<32001>;1466;1508
Göstling an der Ybbs;<32002>;996;987
Gresten;<32003>;997;984
Gresten-Land;<32004>;759;728
Lunz am See;<32005>;886;909
Oberndorf an der Melk;<32006>;1521;1472
Puchenstuben;<32007>;166;130
Purgstall an der Erlauf;<32008>;2726;2654
Randegg;<32009>;938;904
Reinsberg;<32010>;542;509
St. Anton an der Jeßnitz;<32011>;605;570
St. Georgen an der Leys;<32012>;691;641
Scheibbs;<32013>;1971;2151
Steinakirchen am Forst;<32014>;1145;1159
Wang;<32015>;702;692
Wieselburg;<32016>;2121;2287
Wieselburg-Land;<32017>;1662;1736
Wolfpassing;<32018>;832;820
Wiener Neustadt;<30401>;22641;23815
Altenmarkt an der Triesting;<30602>;1024;1043
Berndorf;<30605>;4462;4614
Enzesfeld-Lindabrunn;<30608>;2054;2173
Furth an der Triesting;<30609>;435;430
Hernstein;<30614>;789;778
Hirtenberg;<30615>;1424;1141
Pottenstein;<30627>;1430;1459
Weissenbach an der Triesting;<30645>;847;876
Annaberg;<31401>;255;255
Eschenau;<31402>;645;665
Hainfeld;<31403>;1867;1889
Hohenberg;<31404>;729;731
Kaumberg;<31405>;552;518
Kleinzell;<31406>;433;421
Lilienfeld;<31407>;1292;1343
Mitterbach am Erlaufsee;<31408>;232;247
Ramsau;<31409>;434;397
Rohrbach an der Gölsen;<31410>;771;768
St. Aegyd am Neuwalde;<31411>;925;909
St. Veit an der Gölsen;<31412>;1898;1950
Traisen;<31413>;1667;1790
Türnitz;<31414>;957;934
Altendorf;<31801>;186;171
Aspangberg-St. Peter;<31803>;940;947
Aspang-Markt;<31802>;848;916
Breitenau;<31804>;773;792
Breitenstein;<31805>;173;131
Buchbach;<31806>;178;190
Bürg-Vöstenhof;<31842>;77;85
Edlitz;<31807>;448;441
Enzenreith;<31808>;971;1012
Feistritz am Wechsel;<31809>;523;507
Gloggnitz;<31810>;2758;3057
Grafenbach-St. Valentin;<31811>;1108;1146
Grimmenstein;<31812>;633;685
Grünbach am Schneeberg;<31813>;773;815
Höflein an der Hohen Wand;<31849>;445;444
Kirchberg am Wechsel;<31814>;1196;1245
Mönichkirchen;<31815>;302;315
Natschbach-Loipersbach;<31817>;863;848
Neunkirchen;<31818>;6093;6527
Otterthal;<31820>;280;298
Payerbach;<31821>;1011;1044
Pitten;<31823>;1393;1479
Prigglitz;<31825>;223;200
Puchberg am Schneeberg;<31826>;1312;1366
Raach am Hochgebirge;<31827>;157;145
Reichenau an der Rax;<31829>;1265;1308
St. Corona am Wechsel;<31830>;197;201
St. Egyden am Steinfeld;<31831>;1036;1092
Scheiblingkirchen-Thernberg;<31832>;942;972
Schottwien;<31833>;327;330
Schrattenbach;<31834>;198;192
Schwarzau am Steinfeld;<31835>;980;1066
Schwarzau im Gebirge;<31836>;335;277
Seebenstein;<31837>;705;765
Semmering;<31838>;266;271
Ternitz;<31839>;7064;7576
Thomasberg;<31840>;651;605
Trattenbach;<31841>;260;267
Warth;<31843>;765;743
Wartmannstetten;<31844>;817;808
Willendorf;<31845>;473;510
Wimpassing im Schwarzatale;<31846>;766;832
Würflach;<31847>;753;845
Zöbern;<31848>;709;684
Bad Erlach;<32306>;1511;1714
Bad Fischau-Brunn;<32301>;1691;1786
Bad Schönau;<32302>;362;365
Bromberg;<32325>;602;581
Ebenfurth;<32304>;1529;1653
Eggendorf;<32305>;2493;2559
Felixdorf;<32307>;2173;2240
Gutenstein;<32308>;605;662
Hochneukirchen-Gschaidt;<32309>;834;799
Hochwolkersdorf;<32310>;504;512
Hohe Wand;<32311>;719;701
Hollenthon;<32312>;488;513
Katzelsdorf;<32313>;1566;1658
Kirchschlag in der Buckligen Welt;<32314>;1393;1427
Krumbach;<32315>;1174;1137
Lanzenkirchen;<32316>;1966;2046
Lichtenegg;<32317>;502;551
Lichtenwörth;<32318>;1340;1396
Markt Piesting;<32319>;1542;1564
Matzendorf-Hölles;<32320>;1043;1065
Miesenbach;<32321>;329;342
Muggendorf;<32322>;249;268
Pernitz;<32323>;1210;1266
Rohr im Gebirge;<32324>;241;212
Schwarzenbach;<32326>;439;474
Sollenau;<32327>;2550;2681
Theresienfeld;<32330>;1891;1926
Waidmannsfeld;<32331>;740;782
Waldegg;<32332>;1002;1017
Walpersbach;<32333>;577;591
Weikersdorf am Steinfelde;<32334>;542;526
Wiesmath;<32335>;756;770
Winzendorf-Muthmannsdorf;<32336>;943;938
Wöllersdorf-Steinabrückl;<32337>;2343;2389
Zillingdorf;<32338>;1020;1053
St. Pölten;<30201>;27401;28477
Altlengbach;<31901>;1493;1628
Asperhofen;<31902>;1141;1125
Böheimkirchen;<31903>;2505;2616
Brand-Laaben;<31904>;642;632
Eichgraben;<31905>;2338;2367
Frankenfels;<31906>;978;956
Gerersdorf;<31907>;493;522
Hafnerbach;<31910>;836;815
Haunoldstein;<31911>;612;628
Herzogenburg;<31912>;3794;4029
Hofstetten-Grünau;<31909>;1358;1344
Inzersdorf-Getzersdorf;<31913>;810;797
Kapelln;<31915>;667;696
Karlstetten;<31916>;1073;1104
Kasten bei Böheimkirchen;<31917>;700;680
Kirchberg an der Pielach;<31918>;1579;1587
Kirchstetten;<31919>;1067;1127
Loich;<31920>;289;292
Maria Anzbach;<31921>;1439;1570
Markersdorf-Haindorf;<31922>;1029;1058
Michelbach;<31923>;433;432
Neidling;<31925>;732;759
Neulengbach;<31926>;4073;4272
Neustift-Innermanzing;<31927>;780;800
Nußdorf ob der Traisen;<31928>;908;915
Ober-Grafendorf;<31929>;2275;2312
Obritzberg-Rust;<31930>;1180;1159
Prinzersdorf;<31932>;769;802
Pyhra;<31934>;1828;1810
Rabenstein an der Pielach;<31935>;1273;1241
St. Margarethen an der Sierning;<31938>;514;498
Schwarzenbach an der Pielach;<31939>;204;172
Statzendorf;<31940>;692;734
Stössing;<31941>;426;418
Traismauer;<31943>;3176;3215
Weinburg;<31945>;694;713
Perschling;<31946>;721;710
Wilhelmsburg;<31947>;3226;3351
Wölbling;<31948>;1246;1257
Krems an der Donau;<30101>;12195;12642
Amaliendorf-Aalfang;<30902>;525;553
Bad Großpertholz;<30910>;694;614
Brand-Nagelberg;<30903>;742;743
Eggern;<30904>;340;328
Eisgarn;<30906>;353;328
Gmünd;<30908>;2556;2682
Großdietmanns;<30909>;1125;1080
Großschönau;<30912>;625;596
Haugschlag;<30915>;248;227
Heidenreichstein;<30916>;1907;1975
Hirschbach;<30917>;295;291
Hoheneich;<30920>;688;701
Kirchberg am Walde;<30921>;645;660
Litschau;<30925>;1081;1111
Moorbad Harbach;<30913>;375;346
Reingers;<30929>;327;289
St. Martin;<30932>;531;543
Schrems;<30935>;2603;2753
Unserfrau-Altweitra;<30939>;500;488
Waldenstein;<30940>;602;576
Weitra;<30942>;1289;1340
Altenburg;<31101>;401;400
Brunn an der Wild;<31102>;413;431
Burgschleinitz-Kühnring;<31103>;700;637
Drosendorf-Zissersdorf;<31104>;590;617
Eggenburg;<31105>;1667;1798
Gars am Kamp;<31106>;1702;1770
Geras;<31107>;649;620
Horn;<31109>;3034;3375
Irnfritz-Messern;<31110>;718;715
Japons;<31111>;365;345
Langau;<31113>;334;352
Meiseldorf;<31114>;437;424
Pernegg;<31117>;353;352
Röhrenbach;<31119>;262;251
Röschitz;<31120>;540;520
Rosenburg-Mold;<31121>;429;418
St. Bernhard-Frauenhofen;<31123>;642;653
Sigmundsherberg;<31124>;859;817
Straning-Grafenberg;<31130>;369;343
Weitersfeld;<31129>;772;764
Aggsbach;<31301>;318;325
Albrechtsberg an der Großen Krems;<31302>;499;506
Bergern im Dunkelsteinerwald;<31303>;626;673
Droß;<31356>;520;519
Dürnstein;<31304>;398;430
Furth bei Göttweig;<31309>;1470;1494
Gedersdorf;<31310>;1093;1038
Gföhl;<31311>;1885;1882
Grafenegg;<31308>;1568;1629
Hadersdorf-Kammern;<31315>;948;1018
Jaidhof;<31319>;612;610
Krumau am Kamp;<31321>;372;381
Langenlois;<31322>;3643;3826
Lengenfeld;<31323>;709;713
Lichtenau im Waldviertel;<31324>;1028;1030
Maria Laach am Jauerling;<31326>;469;450
Mautern an der Donau;<31327>;1640;1842
Mühldorf;<31330>;621;652
Paudorf;<31333>;1266;1311
Rastenfeld;<31336>;796;805
Rohrendorf bei Krems;<31337>;1063;1062
Rossatz-Arnsdorf;<31338>;502;565
St. Leonhard am Hornerwald;<31340>;545;545
Schönberg am Kamp;<31355>;921;951
Senftenberg;<31343>;941;985
Spitz;<31344>;774;790
Straß im Straßertale;<31346>;884;866
Stratzing;<31347>;432;474
Weinzierl am Walde;<31350>;646;598
Weißenkirchen in der Wachau;<31351>;688;712
Dietmanns;<32202>;494;531
Dobersberg;<32203>;807;757
Gastern;<32206>;601;580
Groß-Siegharts;<32207>;1355;1355
Karlstein an der Thaya;<32209>;740;743
Kautzen;<32210>;571;511
Ludweis-Aigen;<32212>;467;436
Pfaffenschlag bei Waidhofen a.d.Thaya<32214>;<32214>;468;455
Raabs an der Thaya;<32216>;1283;1348
Thaya;<32217>;711;688
Vitis;<32219>;1343;1306
Waidhofen an der Thaya;<32220>;2505;2784
Waidhofen an der Thaya-Land;<32221>;652;635
Waldkirchen an der Thaya;<32222>;242;251
Windigsteig;<32223>;438;474
Allentsteig;<32501>;856;880
Altmelon;<32519>;441;414
Arbesbach;<32502>;833;758
Bärnkopf;<32503>;178;172
Echsenbach;<32504>;669;608
Göpfritz an der Wild;<32505>;910;896
Grafenschlag;<32506>;430;423
Groß Gerungs;<32508>;2272;2164
Großgöttfritz;<32509>;718;643
Gutenbrunn;<32511>;248;258
Kirchschlag;<32514>;321;307
Kottes-Purk;<32515>;705;746
Langschlag;<32516>;892;833
Martinsberg;<32517>;554;531
Ottenschlag;<32518>;506;507
Pölla;<32520>;463;446
Rappottenstein;<32521>;897;827
Sallingberg;<32522>;646;634
Schönbach;<32523>;418;349
Schwarzenau;<32524>;763;752
Schweiggers;<32525>;1015;1009
Traunstein;<32528>;507;485
Waldhausen;<32529>;622;598
Zwettl-Niederösterreich;<32530>;5255;5468
Drösing;<30810>;536;570
Dürnkrut;<30811>;1099;1151
Hauskirchen;<30826>;629;654
Hohenau an der March;<30827>;1322;1435
Jedenspeigen;<30829>;558;548
Neusiedl an der Zaya;<30841>;615;615
Palterndorf-Dobermannsdorf;<30845>;659;682
Ringelsdorf-Niederabsdorf;<30850>;621;613
Sulz im Weinviertel;<30857>;603;598
Zistersdorf;<30863>;2627;2729
Alberndorf im Pulkautal;<31001>;365;380
Göllersdorf;<31008>;1577;1535
Grabern;<31009>;847;887
Guntersdorf;<31014>;589;567
Hadres;<31015>;842;861
Hardegg;<31016>;643;666
Haugsdorf;<31018>;807;790
Heldenberg;<31019>;712;677
Hohenwarth-Mühlbach a.M.;<31021>;625;695
Hollabrunn;<31022>;5804;6140
Mailberg;<31025>;290;290
Maissau;<31026>;965;973
Nappersdorf-Kammersdorf;<31028>;615;587
Pernersdorf;<31033>;515;525
Pulkau;<31035>;746;760
Ravelsbach;<31036>;812;819
Retz;<31037>;2121;2119
Retzbach;<31038>;479;533
Schrattenthal;<31041>;444;450
Seefeld-Kadolz;<31042>;494;488
Sitzendorf an der Schmida;<31043>;1088;1055
Wullersdorf;<31051>;1194;1192
Zellerndorf;<31052>;1228;1196
Ziersdorf;<31053>;1652;1693
Altlichtenwarth;<31601>;391;359
Asparn an der Zaya;<31603>;938;939
Bernhardsthal;<31604>;792;793
Drasenhofen;<31606>;542;549
Falkenstein;<31608>;230;258
Fallbach;<31609>;400;402
Gaubitsch;<31611>;455;418
Gaweinstal;<31612>;1985;2037
Gnadendorf;<31613>;567;583
Großharras;<31616>;564;543
Großkrut;<31617>;830;810
Hausbrunn;<31620>;448;423
Herrnbaumgarten;<31621>;482;464
Laa an der Thaya;<31629>;3082;3164
Ladendorf;<31630>;1167;1134
Mistelbach;<31633>;5568;6024
Neudorf im Weinviertel;<31634>;696;694
Niederleis;<31636>;430;445
Ottenthal;<31658>;275;262
Poysdorf;<31644>;2744;2756
Rabensburg;<31645>;536;555
Schrattenberg;<31646>;410;424
Staatz;<31649>;945;972
Stronsdorf;<31650>;797;815
Unterstinkenbrunn;<31652>;298;257
Wildendürnbach;<31653>;775;775
Wilfersdorf;<31654>;1035;1057
Aderklaa;<30801>;110;88
Andlersdorf;<30802>;60;67
Angern an der March;<30803>;1698;1738
Auersthal;<30804>;970;960
Bad Pirawarth;<30805>;885;889
Deutsch-Wagram;<30808>;4395;4623
Ebenthal;<30812>;472;431
Eckartsau;<30813>;686;667
Engelhartstetten;<30814>;1030;1063
Gänserndorf;<30817>;5714;6118
Glinzendorf;<30819>;163;166
Groß-Enzersdorf;<30821>;5708;6032
Großhofen;<30822>;56;50
Groß-Schweinbarth;<30824>;666;647
Haringsee;<30825>;572;598
Hohenruppersdorf;<30828>;476;469
Lassee;<30830>;1489;1463
Leopoldsdorf im Marchfeld;<30831>;1429;1464
Mannsdorf an der Donau;<30834>;192;163
Marchegg;<30835>;1472;1516
Markgrafneusiedl;<30836>;426;466
Matzen-Raggendorf;<30838>;1380;1405
Obersiebenbrunn;<30842>;888;862
Orth an der Donau;<30844>;1033;1140
Parbasdorf;<30846>;89;84
Prottes;<30848>;717;735
Raasdorf;<30849>;349;316
Schönkirchen-Reyersdorf;<30852>;993;990
Spannberg;<30854>;493;494
Strasshof an der Nordbahn;<30856>;5483;5602
Untersiebenbrunn;<30858>;871;897
Velm-Götzendorf;<30859>;386;379
Weiden an der March;<30865>;508;477
Weikendorf;<30860>;999;1043
Bisamberg;<31201>;2338;2491
Enzersfeld;<31202>;868;913
Ernstbrunn;<31203>;1658;1614
Gerasdorf bei Wien;<31235>;5817;5849
Großmugl;<31204>;825;802
Großrußbach;<31205>;1100;1134
Hagenbrunn;<31206>;1196;1167
Harmannsdorf;<31207>;2002;2028
Hausleiten;<31208>;1888;1961
Korneuburg;<31213>;6495;6839
Langenzersdorf;<31214>;3908;4176
Leitzersdorf;<31215>;590;560
Leobendorf;<31216>;2476;2497
Niederhollabrunn;<31234>;788;760
Rußbach;<31224>;695;703
Sierndorf;<31226>;2016;1970
Spillern;<31227>;1219;1236
Stetteldorf am Wagram;<31228>;541;506
Stetten;<31229>;667;695
Stockerau;<31230>;8094;8695
Bockfließ;<31605>;668;660
Großebersdorf;<31614>;1112;1114
Großengersdorf;<31615>;729;748
Hochleithen;<31622>;566;570
Kreuttal;<31627>;731;737
Kreuzstetten;<31628>;772;800
Pillichsdorf;<31642>;613;568
Ulrichskirchen-Schleinbach;<31651>;1299;1332
Wolkersdorf im Weinviertel;<31655>;3565;3777
Gablitz;<31949>;2477;2542
Mauerbach;<31950>;1729;1845
Pressbaum;<31951>;3739;4023
Purkersdorf;<31952>;4747;5143
Tullnerbach;<31953>;1446;1477
Wolfsgraben;<31954>;855;905
Absdorf;<32101>;1084;1145
Atzenbrugg;<32104>;1538;1609
Fels am Wagram;<32106>;1183;1185
Grafenwörth;<32107>;1522;1668
Großriedenthal;<32109>;481;459
Großweikersdorf;<32110>;1584;1661
Judenau-Baumgarten;<32112>;1149;1138
Kirchberg am Wagram;<32114>;1814;1896
Klosterneuburg;<32144>;13187;14401
Königsbrunn am Wagram;<32115>;700;704
Königstetten;<32116>;1266;1310
Langenrohr;<32119>;1209;1221
Michelhausen;<32120>;1851;1845
Muckendorf-Wipfing;<32143>;837;854
St. Andrä-Wördern;<32142>;3816;4083
Sieghartskirchen;<32131>;3788;3849
Sitzenberg-Reidling;<32132>;1145;1233
Tulbing;<32134>;1503;1523
Tulln an der Donau;<32135>;7961;8419
Würmla;<32139>;771;772
Zeiselmauer-Wolfpassing;<32140>;1128;1137
Zwentendorf an der Donau;<32141>;2071;2062
Alland;<30601>;1295;1311
Bad Vöslau;<30603>;5942;6370
Baden;<30604>;12117;13700
Blumau-Neurißhof;<30646>;940;951
Ebreichsdorf;<30607>;5616;5806
Günselsdorf;<30612>;809;888
Heiligenkreuz;<30613>;798;734
Klausen-Leopoldsdorf;<30616>;811;896
Kottingbrunn;<30618>;3545;3758
Leobersdorf;<30620>;2407;2539
Mitterndorf an der Fischa;<30621>;1473;1478
Oberwaltersdorf;<30623>;2364;2492
Pfaffstätten;<30625>;1756;1821
Pottendorf;<30626>;3671;3651
Reisenberg;<30629>;899;851
Schönau an der Triesting;<30631>;1046;1091
Seibersdorf;<30633>;770;759
Sooß;<30635>;515;527
Tattendorf;<30636>;727;713
Teesdorf;<30637>;875;930
Traiskirchen;<30639>;9273;9501
Trumau;<30641>;1830;1888
Au am Leithaberge;<30701>;465;486
Bad Deutsch-Altenburg;<30702>;894;1012
Berg;<30703>;435;479
Bruck an der Leitha;<30704>;3970;4183
Ebergassing;<30729>;1981;2025
Enzersdorf an der Fischa;<30706>;1701;1721
Fischamend;<30730>;2676;2902
Göttlesbrunn-Arbesthal;<30708>;711;739
Götzendorf an der Leitha;<30709>;1068;1079
Gramatneusiedl;<30731>;1792;1847
Hainburg a.d. Donau;<30710>;3352;3623
Haslau-Maria Ellend;<30711>;1000;1035
Himberg;<30732>;3713;3856
Hof am Leithaberge;<30713>;799;793
Höflein;<30712>;600;632
Hundsheim;<30715>;297;344
Klein-Neusiedl;<30733>;466;504
Lanzendorf;<30734>;947;958
Leopoldsdorf;<30735>;2590;2660
Mannersdorf am Leithagebirge;<30716>;2025;2085
Maria-Lanzendorf;<30736>;1053;1103
Moosbrunn;<30737>;877;901
Petronell-Carnuntum;<30718>;643;626
Prellenkirchen;<30719>;827;793
Rauchenwarth;<30738>;383;392
Rohrau;<30721>;818;821
Scharndorf;<30722>;617;586
Schwadorf;<30739>;1089;1131
Schwechat;<30740>;10114;10261
Sommerein;<30724>;1023;1080
Trautmannsdorf an der Leitha;<30726>;1496;1509
Wolfsthal;<30728>;571;605
Zwölfaxing;<30741>;879;864
Achau;<31701>;704;698
Biedermannsdorf;<31702>;1505;1630
Breitenfurt bei Wien;<31703>;2866;3025
Brunn am Gebirge;<31704>;5850;6174
Gaaden;<31706>;805;845
Gießhübl;<31707>;1147;1228
Gumpoldskirchen;<31709>;1883;2038
Guntramsdorf;<31710>;4494;4658
Hennersdorf;<31711>;753;787
Hinterbrühl;<31712>;1904;2040
Kaltenleutgeben;<31713>;1650;1700
Laab im Walde;<31714>;520;594
Laxenburg;<31715>;1354;1536
Maria Enzersdorf;<31716>;4085;4574
Mödling;<31717>;9794;10765
Münchendorf;<31718>;1517;1563
Perchtoldsdorf;<31719>;7210;7768
Vösendorf;<31723>;3556;3817
Wiener Neudorf;<31725>;4508;4802
Wienerwald;<31726>;1414;1479
Wien 1.,Innere Stadt;<90101>;7744;8123
Wien 2.,Leopoldstadt;<90201>;51996;53241
Wien 3.,Landstraße;<90301>;45107;48141
Wien 4.,Wieden;<90401>;15992;17083
Wien 5.,Margareten;<90501>;26921;27452
Wien 6.,Mariahilf;<90601>;15232;16104
Wien 7.,Neubau;<90701>;15358;16325
Wien 8.,Josefstadt;<90801>;12075;12290
Wien 9.,Alsergrund;<90901>;19940;21872
Wien 10.,Favoriten;<91001>;105454;105119
Wien 11.,Simmering;<91101>;51723;53299
Wien 12.,Meidling;<91201>;47924;49074
Wien 13.,Hietzing;<91301>;25183;28720
Wien 14.,Penzing;<91401>;45380;47986
Wien 15.,Rudolfsheim-Fünfhaus;<91501>;38588;37549
Wien 16.,Ottakring;<91601>;51113;51367
Wien 17.,Hernals;<91701>;27735;28753
Wien 18.,Währing;<91801>;23989;27338
Wien 19.,Döbling;<91901>;34680;39181
Wien 20.,Brigittenau;<92001>;42330;42934
Wien 21.,Floridsdorf;<92101>;84555;89361
Wien 22.,Donaustadt;<92201>;95610;103196
Wien 23.,Liesing;<92301>;53378;58434
Klagenfurt am Wörther See;<20101>;48292;53473
Villach;<20201>;30456;32780
Ebenthal in Kärnten;<20402>;3999;4108
Feistritz im Rosental;<20403>;1226;1268
Ferlach;<20405>;3589;3617
Grafenstein;<20409>;1451;1548
Keutschach am See;<20412>;1188;1235
Köttmannsdorf;<20414>;1572;1545
Krumpendorf am Wörthersee;<20415>;1675;1830
Ludmannsdorf;<20416>;903;898
Magdalensberg;<20442>;1772;1819
Maria Rain;<20417>;1306;1325
Maria Saal;<20418>;1901;1992
Maria Wörth;<20419>;741;875
Moosburg;<20421>;2180;2283
Poggersdorf;<20425>;1610;1641
Pörtschach am Wörther See;<20424>;1381;1479
St. Margareten im Rosental;<20428>;537;555
Schiefling am See;<20432>;1329;1318
Techelsberg am Wörther See;<20435>;1106;1095
Zell;<20441>;317;289
Afritz am See;<20701>;685;748
Arnoldstein;<20702>;3426;3613
Arriach;<20703>;665;661
Bad Bleiberg;<20705>;1082;1108
Feistritz an der Gail;<20707>;310;322
Feld am See;<20708>;541;539
Ferndorf;<20710>;1034;1040
Finkenstein am Faaker See;<20711>;4520;4624
Fresach;<20712>;618;631
Hohenthurn;<20713>;404;434
Nötsch im Gailtal;<20719>;1131;1160
Paternion;<20720>;2795;3011
Rosegg;<20721>;914;933
St. Jakob im Rosental;<20722>;2125;2155
Stockenboi;<20723>;807;805
Treffen am Ossiacher See;<20724>;2207;2327
Velden am Wörther See;<20725>;4404;4701
Weißenstein;<20726>;1473;1459
Wernberg;<20727>;2689;2819
Dellach;<20302>;606;604
Gitschtal;<20320>;610;630
Hermagor-Pressegger See;<20305>;3379;3536
Kirchbach;<20306>;1269;1255
Kötschach-Mauthen;<20307>;1636;1685
Lesachtal;<20321>;659;618
St. Stefan im Gailtal;<20316>;767;798
Bad Kleinkirchheim;<20601>;811;867
Baldramsdorf;<20602>;891;956
Berg im Drautal;<20603>;635;622
Dellach im Drautal;<20604>;801;796
Flattach;<20607>;580;605
Gmünd in Kärnten;<20608>;1234;1307
Greifenburg;<20609>;867;864
Großkirchheim;<20605>;652;657
Heiligenblut am Großglockner;<20610>;491;484
Irschen;<20611>;992;952
Kleblach-Lind;<20613>;586;580
Krems in Kärnten;<20642>;868;797
Lendorf;<20616>;851;845
Lurnfeld;<20643>;1291;1373
Mallnitz;<20618>;367;400
Malta;<20619>;939;994
Millstatt am See;<20620>;1665;1793
Mörtschach;<20622>;430;396
Mühldorf;<20624>;465;530
Oberdrauburg;<20625>;587;593
Obervellach;<20627>;1078;1090
Radenthein;<20630>;2782;2987
Rangersdorf;<20631>;841;857
Reißeck;<20644>;1068;1033
Rennweg am Katschberg;<20632>;858;875
Sachsenburg;<20633>;657;679
Seeboden am Millstätter See;<20634>;3172;3413
Spittal an der Drau;<20635>;7151;8000
Stall;<20636>;772;722
Steinfeld;<20637>;1007;1012
Trebesing;<20638>;642;547
Weißensee;<20639>;373;398
Winklern;<20640>;608;592
Albeck;<21001>;468;498
Feldkirchen in Kärnten;<21002>;6971;7318
Glanegg;<21003>;929;866
Gnesau;<21004>;534;488
Himmelberg;<21005>;1173;1124
Ossiach;<21006>;413;375
Reichenau;<21007>;915;863
St. Urban;<21008>;794;719
Steindorf am Ossiacher See;<21009>;1856;1900
Steuerberg;<21010>;800;779
Althofen;<20501>;2304;2388
Brückl;<20502>;1358;1384
Deutsch-Griffen;<20503>;464;417
Eberstein;<20504>;606;610
Frauenstein;<20534>;1737;1802
Friesach;<20505>;2333;2542
Glödnitz;<20506>;429;386
Gurk;<20508>;597;587
Guttaring;<20509>;756;726
Hüttenberg;<20511>;679;655
Kappel am Krappfeld;<20512>;976;981
Klein St. Paul;<20513>;877;864
Liebenfels;<20515>;1699;1698
Metnitz;<20518>;981;943
Micheldorf;<20519>;490;508
Mölbling;<20520>;687;660
St. Georgen am Längsee;<20523>;1757;1812
St. Veit an der Glan;<20527>;5714;6470
Straßburg;<20530>;974;1017
Weitensfeld im Gurktal;<20531>;1015;997
Bleiburg;<20801>;2056;2015
Diex;<20802>;420;373
Eberndorf;<20803>;2903;2940
Eisenkappel-Vellach;<20804>;1118;1112
Feistritz ob Bleiburg;<20805>;1111;1083
Gallizien;<20806>;869;886
Globasnitz;<20807>;801;791
Griffen;<20808>;1718;1717
Neuhaus;<20810>;481;528
Ruden;<20812>;765;770
St. Kanzian am Klopeiner See;<20813>;2232;2318
Sittersdorf;<20815>;964;997
Völkermarkt;<20817>;5315;5551
Bad St. Leonhard im Lavanttal;<20901>;2195;2129
Frantschach-St. Gertraud;<20905>;1246;1270
Lavamünd;<20909>;1467;1404
Preitenegg;<20911>;474;461
Reichenfels;<20912>;891;893
St. Andrä;<20913>;4934;4916
St. Georgen im Lavanttal;<20914>;972;967
St. Paul im Lavanttal;<20918>;1605;1633
Wolfsberg;<20923>;12345;12686
Graz;<60101>;144013;147121
Deutschfeistritz;<60659>;2175;2246
Dobl-Zwaring;<60660>;1787;1792
Eggersdorf bei Graz;<60661>;3471;3440
Feldkirchen bei Graz;<60608>;3431;3416
Fernitz-Mellach;<60662>;2387;2507
Frohnleiten;<60663>;3176;3341
Gössendorf;<60611>;2086;2092
Gratkorn;<60613>;4028;4119
Gratwein-Straßengel;<60664>;6290;6469
Hart bei Graz;<60617>;2576;2660
Haselsdorf-Tobelbad;<60618>;784;783
Hausmannstätten;<60619>;1776;1817
Hitzendorf;<60665>;3601;3658
Kainbach bei Graz;<60623>;1447;1374
Kalsdorf bei Graz;<60624>;3924;3945
Kumberg;<60626>;1917;1992
Laßnitzhöhe;<60628>;1353;1441
Lieboch;<60629>;2575;2736
Nestelbach bei Graz;<60666>;1305;1362
Peggau;<60632>;1145;1193
Raaba-Grambach;<60667>;2289;2416
Sankt Bartholomä;<60639>;715;742
Sankt Marein bei Graz;<60668>;1851;1880
Sankt Oswald bei Plankenwarth;<60641>;620;639
Sankt Radegund bei Graz;<60642>;1055;1077
Seiersberg-Pirka;<60669>;5707;5926
Semriach;<60645>;1644;1618
Stattegg;<60646>;1455;1527
Stiwoll;<60647>;343;365
Thal;<60648>;1170;1215
Übelbach;<60651>;1043;1008
Unterpremstätten-Zettling;<60670>;3236;3215
Vasoldsberg;<60653>;2313;2330
Weinitzen;<60654>;1368;1371
Werndorf;<60655>;1210;1243
Wundschuh;<60656>;825;820
Admont;<61253>;2381;2573
Aich;<61254>;652;667
Aigen im Ennstal;<61203>;1350;1360
Altaussee;<61204>;928;951
Altenmarkt bei Sankt Gallen;<61205>;384;417
Ardning;<61206>;606;634
Bad Aussee;<61207>;2344;2567
Bad Mitterndorf;<61255>;2458;2482
Gaishorn am See;<61256>;631;658
Gröbming;<61213>;1514;1603
Grundlsee;<61215>;563;604
Haus;<61217>;1215;1243
Irdning-Donnersbachtal;<61257>;2013;2134
Landl;<61258>;1305;1313
Lassing;<61222>;840;872
Liezen;<61259>;3939;4257
Michaelerberg-Pruggern;<61260>;609;584
Mitterberg-Sankt Martin;<61261>;969;943
Öblarn;<61262>;1001;1009
Ramsau am Dachstein;<61236>;1363;1429
Rottenmann;<61263>;2526;2585
Sankt Gallen;<61264>;886;902
Schladming;<61265>;3166;3410
Selzthal;<61243>;810;734
Sölk;<61266>;753;725
Stainach-Pürgg;<61267>;1327;1466
Trieben;<61247>;1633;1696
Wildalpen;<61251>;224;223
Wörschach;<61252>;567;594
Eisenerz;<61101>;1769;1973
Kalwang;<61105>;445;506
Kammern im Liesingtal;<61106>;784;804
Kraubath an der Mur;<61107>;665;674
Leoben;<61108>;12060;12129
Mautern in Steiermark;<61109>;829;875
Niklasdorf;<61110>;1140;1225
Proleb;<61111>;760;840
Radmer;<61112>;254;257
Sankt Michael in Obersteiermark;<61113>;1490;1542
Sankt Peter-Freienstein;<61114>;1149;1189
Sankt Stefan ob Leoben;<61115>;929;949
Traboch;<61116>;696;721
Trofaiach;<61120>;5336;5658
Vordernberg;<61118>;514;439
Wald am Schoberpaß;<61119>;276;274
Aflenz ;<62138>;1209;1245
Breitenau am Hochlantsch;<62105>;829;802
Bruck an der Mur;<62139>;7542;8108
Kapfenberg;<62140>;10934;11446
Kindberg;<62141>;4022;4096
Krieglach;<62115>;2604;2725
Langenwang;<62116>;1924;1962
Mariazell;<62142>;1717;1909
Mürzzuschlag;<62143>;3976;4251
Neuberg an der Mürz;<62144>;1203;1143
Pernegg an der Mur;<62125>;1186;1222
Sankt Barbara im Mürztal;<62145>;3215;3357
Sankt Lorenzen im Mürztal;<62128>;1832;1842
Sankt Marein im Mürztal;<62146>;1355;1449
Spital am Semmering;<62131>;713;731
Stanz im Mürztal;<62132>;945;891
Thörl;<62147>;1126;1107
Tragöß-Sankt Katharein;<62148>;907;937
Turnau;<62135>;770;822
Albersdorf-Prebuch;<61701>;1117;1133
Anger;<61756>;1969;1969
Birkfeld;<61757>;2446;2482
Fischbach;<61708>;785;745
Fladnitz an der Teichalm;<61758>;917;890
Floing;<61710>;586;603
Gasen;<61711>;446;437
Gersdorf an der Feistritz;<61759>;861;842
Gleisdorf;<61760>;5372;5700
Gutenberg;<61761>;818;800
Hofstätten an der Raab;<61719>;1144;1169
Ilztal;<61762>;1076;1074
Ludersdorf-Wilfersdorf;<61727>;1255;1260
Markt Hartmannsdorf;<61716>;1473;1479
Miesenbach bei Birkfeld;<61728>;347;326
Mitterdorf an der Raab;<61729>;1052;1066
Mortantsch;<61730>;1105;1108
Naas;<61731>;669;674
Passail;<61763>;2219;2195
Pischelsdorf am Kulm;<61764>;1821;1848
Puch bei Weiz;<61740>;1048;1007
Ratten;<61741>;541;537
Rettenegg;<61743>;375;338
St. Kathrein am Hauenstein;<61744>;322;305
Sankt Kathrein am Offenegg;<61745>;563;502
St. Margarethen an der Raab;<61746>;2076;2047
Sankt Ruprecht an der Raab;<61765>;2690;2738
Sinabelkirchen;<61748>;2227;2181
Strallegg;<61750>;963;947
Thannhausen;<61751>;1229;1246
Weiz;<61766>;5704;6052
Bad Blumau;<62202>;823;810
Bad Waltersdorf;<62264>;1961;1936
Buch-St. Magdalena;<62205>;1100;1057
Burgau;<62206>;513;537
Dechantskirchen;<62265>;1008;996
Ebersdorf;<62209>;634;651
Feistritztal;<62266>;1215;1187
Friedberg;<62211>;1296;1327
Fürstenfeld;<62267>;4124;4531
Grafendorf bei Hartberg;<62268>;1594;1545
Greinbach;<62214>;907;913
Großsteinbach;<62216>;654;632
Großwilfersdorf;<62269>;1032;1064
Hartberg;<62219>;3153;3641
Hartberg Umgebung;<62220>;1136;1049
Hartl;<62270>;1070;1057
Ilz;<62271>;1866;1887
Kaindorf;<62272>;1493;1508
Lafnitz;<62226>;755;711
Bad Loipersdorf;<62273>;924;892
Neudau;<62274>;739;735
Ottendorf an der Rittschein;<62232>;775;794
Pinggau;<62233>;1603;1528
Pöllau;<62275>;2950;2992
Pöllauberg;<62235>;1032;1015
Rohr bei Hartberg;<62276>;719;725
Rohrbach an der Lafnitz;<62277>;1314;1329
Sankt Jakob im Walde;<62242>;533;504
Sankt Johann in der Haide;<62244>;1074;1110
Sankt Lorenzen am Wechsel;<62245>;723;709
Schäffern;<62247>;684;659
Söchau;<62252>;689;765
Stubenberg;<62256>;1067;1129
Vorau;<62278>;2327;2342
Waldbach-Mönichwald;<62279>;737;724
Wenigzell;<62262>;740;664
Bad Gleichenberg;<62375>;2514;2659
Bad Radkersburg;<62376>;1503;1676
Deutsch Goritz;<62377>;898;897
Edelsbach bei Feldbach;<62311>;654;679
Eichkögl;<62314>;688;659
Fehring;<62378>;3552;3615
Feldbach;<62379>;6496;6875
Gnas;<62380>;3001;2976
Halbenrain;<62326>;851;877
Jagerberg;<62330>;830;814
Kapfenstein;<62332>;768;782
Kirchbach in der Steiermark;<62381>;1653;1612
Kirchberg an der Raab;<62382>;2294;2288
Klöch;<62335>;595;578
Mettersdorf am Saßbach;<62343>;687;643
Mureck;<62383>;1759;1731
Paldau;<62384>;1556;1592
Pirching am Traubenberg;<62385>;1241;1281
Riegersburg;<62386>;2506;2420
Sankt Anna am Aigen;<62387>;1185;1182
Sankt Peter am Ottersbach;<62388>;1466;1451
Sankt Stefan im Rosental;<62389>;1979;1920
Straden;<62390>;1761;1747
Tieschen;<62368>;614;582
Unterlamm;<62372>;622;632
Bad Schwanberg;<60349>;2251;2269
Deutschlandsberg;<60344>;5615;6008
Eibiswald;<60345>;3207;3166
Frauental an der Laßnitz;<60305>;1484;1510
Groß Sankt Florian;<60346>;2079;2043
Lannach;<60318>;1802;1788
Pölfing-Brunn;<60323>;777;825
Preding;<60324>;908;907
Sankt Josef (Weststeiermark);<60326>;826;845
Sankt Martin im Sulmtal;<60347>;1562;1550
Sankt Peter im Sulmtal;<60329>;635;623
Sankt Stefan ob Stainz;<60348>;1789;1780
Stainz;<60350>;4237;4451
Wettmannstätten;<60341>;827;818
Wies;<60351>;2155;2134
Allerheiligen bei Wildon;<61001>;748;812
Arnfels;<61002>;477;484
Ehrenhausen an der Weinstraße;<61049>;1228;1284
Empersdorf;<61007>;748;658
Gabersdorf;<61008>;620;639
Gamlitz;<61050>;1616;1584
Gleinstätten;<61051>;1338;1435
Gralla;<61012>;1293;1287
Großklein;<61013>;1133;1131
Heiligenkreuz am Waasen;<61052>;1409;1424
Heimschuh;<61016>;973;1016
Hengsberg;<61017>;761;742
Kitzeck im Sausal;<61019>;602;612
Lang;<61020>;678;673
Lebring-Sankt Margarethen;<61021>;1070;1123
Leibnitz;<61053>;6051;6493
Leutschach an der Weinstraße;<61054>;1811;1808
Oberhaag;<61024>;1058;1006
Ragnitz;<61027>;758;740
Sankt Andrä-Höch;<61030>;877;824
Sankt Georgen an der Stiefing;<61055>;783;801
Sankt Johann im Saggautal;<61032>;1014;985
Sankt Nikolai im Sausal;<61033>;1167;1165
Sankt Veit in der Südsteiermark;<61060>;2239;2136
Schwarzautal;<61057>;1160;1146
Straß in Steiermark;<61061>;3192;3138
Tillmitsch;<61043>;1738;1719
Wagna;<61045>;3055;3294
Wildon;<61059>;2690;2848
Bärnbach;<61626>;2786;2936
Edelschrott;<61627>;856;824
Geistthal-Södingberg;<61628>;761;726
Hirschegg-Pack;<61629>;520;497
Kainach bei Voitsberg;<61630>;805;798
Köflach;<61631>;4618;5071
Krottendorf-Gaisfeld;<61611>;1265;1194
Ligist;<61612>;1574;1631
Maria Lankowitz;<61632>;1323;1428
Mooskirchen;<61615>;1067;1131
Rosental an der Kainach;<61618>;832;818
Sankt Martin am Wöllmißberg;<61621>;407;404
Söding-Sankt Johann;<61633>;2041;2104
Stallhofen;<61624>;1551;1588
Voitsberg;<61625>;4512;4879
Krakau;<61437>;722;663
Mühlen;<61410>;452;429
Murau;<61438>;1615;1852
Neumarkt in der Steiermark;<61439>;2395;2481
Niederwölz;<61413>;290;312
Oberwölz ;<61440>;1484;1466
Ranten;<61441>;581;564
Sankt Georgen am Kreischberg;<61442>;849;866
Sankt Lambrecht;<61443>;865;901
St. Peter am Kammersberg;<61425>;1011;1017
Scheifling;<61444>;1049;1095
Schöder;<61428>;469;464
Stadl-Predlitz;<61445>;847;836
Teufenbach-Katsch;<61446>;930;944
Fohnsdorf;<62007>;3658;3953
Gaal;<62008>;672;662
Großlobming;<62039>;913;929
Hohentauern;<62010>;195;196
Judenburg;<62040>;4614;5017
Knittelfeld;<62041>;6230;6344
Kobenz;<62014>;940;983
Obdach;<62042>;1886;1861
Pöls-Oberkurzheim;<62043>;1464;1480
Pölstal;<62044>;1254;1302
Pusterwald;<62021>;227;203
Sankt Georgen ob Judenburg;<62026>;424;435
Sankt Marein-Feistritz;<62045>;1037;1002
Sankt Margarethen bei Knittelfeld;<62046>;1324;1327
Sankt Peter ob Judenburg;<62032>;532;544
Seckau;<62034>;655;647
Spielberg;<62047>;2659;2702
Unzmarkt-Frauenburg;<62036>;629;630
Weißkirchen in Steiermark;<62048>;2363;2424
Zeltweg;<62038>;3550;3489
Altheim;<40401>;2469;2520
Aspach;<40402>;1322;1282
Auerbach;<40403>;358;360
Braunau am Inn;<40404>;8674;8764
Burgkirchen;<40405>;1390;1353
Eggelsberg;<40406>;1296;1248
Feldkirchen bei Mattighofen;<40407>;1003;1014
Franking;<40408>;500;518
Geretsberg;<40409>;589;582
Gilgenberg am Weilhart;<40410>;689;682
Haigermoos;<40411>;322;301
Handenberg;<40412>;681;647
Helpfau-Uttendorf;<40413>;1901;1796
Hochburg-Ach;<40414>;1677;1661
Höhnhart;<40415>;733;710
Jeging;<40416>;342;344
Kirchberg bei Mattighofen;<40417>;590;614
Lengau;<40418>;2462;2435
Lochen am See;<40419>;1442;1430
Maria Schmolln;<40420>;701;735
Mattighofen;<40421>;3506;3592
Mauerkirchen;<40422>;1238;1301
Mining;<40423>;632;632
Moosbach;<40424>;580;522
Moosdorf;<40425>;844;862
Munderfing;<40426>;1542;1550
Neukirchen an der Enknach;<40427>;1153;1125
Ostermiething;<40428>;1614;1670
Palting;<40429>;518;537
Perwang am Grabensee;<40430>;554;519
Pfaffstätt;<40431>;600;581
Pischelsdorf am Engelbach;<40432>;882;819
Polling im Innkreis;<40433>;493;495
Roßbach;<40434>;444;449
St. Georgen am Fillmannsbach;<40435>;219;211
St. Johann am Walde;<40436>;1017;1026
St. Pantaleon;<40437>;1612;1596
St. Peter am Hart;<40438>;1195;1232
St. Radegund;<40439>;315;295
St. Veit im Innkreis;<40440>;212;200
Schalchen;<40441>;2020;1995
Schwand im Innkreis;<40442>;509;491
Tarsdorf;<40443>;1078;1035
Treubach;<40444>;382;355
Überackern;<40445>;359;322
Weng im Innkreis;<40446>;707;718
Aistersheim;<40801>;480;473
Bad Schallerbach;<40802>;2050;2159
Eschenau im Hausruckkreis;<40804>;550;497
Gallspach;<40805>;1423;1386
Gaspoltshofen;<40806>;1790;1790
Geboltskirchen;<40807>;723;717
Grieskirchen;<40808>;2369;2615
Haag am Hausruck;<40809>;1104;1097
Heiligenberg;<40810>;350;352
Hofkirchen an der Trattnach;<40811>;844;822
Kallham;<40812>;1264;1233
Kematen am Innbach;<40813>;735;690
Meggenhofen;<40814>;794;773
Michaelnbach;<40815>;658;601
Natternbach;<40816>;1156;1140
Neukirchen am Walde;<40817>;807;831
Neumarkt im Hausruckkreis;<40818>;739;741
Peuerbach;<40835>;2342;2319
Pollham;<40821>;498;475
Pötting;<40820>;259;282
Pram;<40822>;843;843
Rottenbach;<40823>;555;552
St. Agatha;<40824>;1102;1043
St. Georgen bei Grieskirchen;<40825>;669;683
St. Thomas;<40826>;284;281
Schlüßlberg;<40827>;1493;1538
Steegen;<40828>;551;527
Taufkirchen an der Trattnach;<40829>;967;968
Tollet;<40830>;468;466
Waizenkirchen;<40831>;1854;1862
Wallern an der Trattnach;<40832>;1525;1560
Weibern;<40833>;858;857
Wendling;<40834>;440;420
Andrichsfurt;<41201>;397;386
Antiesenhofen;<41202>;520;535
Aurolzmünster;<41203>;1506;1578
Eberschwang;<41204>;1731;1726
Eitzing;<41205>;441;437
Geiersberg;<41206>;240;259
Geinberg;<41207>;707;713
Gurten;<41208>;614;584
Hohenzell;<41209>;1147;1123
Kirchdorf am Inn;<41210>;327;318
Kirchheim im Innkreis;<41211>;370;354
Lambrechten;<41212>;683;645
Lohnsburg am Kobernaußerwald;<41213>;1093;1118
Mehrnbach;<41214>;1164;1184
Mettmach;<41215>;1195;1189
Mörschwang;<41216>;178;162
Mühlheim am Inn;<41217>;332;329
Neuhofen im Innkreis;<41218>;1245;1239
Obernberg am Inn;<41219>;823;820
Ort im Innkreis;<41220>;682;617
Pattigham;<41221>;521;500
Peterskirchen;<41222>;340;341
Pramet;<41223>;522;504
Reichersberg;<41224>;804;781
Ried im Innkreis;<41225>;5953;6256
St. Georgen bei Obernberg am Inn;<41226>;290;263
St. Marienkirchen am Hausruck;<41227>;456;450
St. Martin im Innkreis;<41228>;1049;1050
Schildorn;<41229>;603;597
Senftenbach;<41230>;406;375
Taiskirchen im Innkreis;<41231>;1208;1205
Tumeltsham;<41232>;787;800
Utzenaich;<41233>;817;802
Waldzell;<41234>;1140;1130
Weilbach;<41235>;322;303
Wippenham;<41236>;283;281
Altschwendt;<41401>;341;354
Andorf;<41402>;2598;2605
Brunnenthal;<41403>;1050;1035
Diersbach;<41404>;787;758
Dorf an der Pram;<41405>;521;551
Eggerding;<41406>;680;659
Engelhartszell;<41407>;455;454
Enzenkirchen;<41408>;927;867
Esternberg;<41409>;1431;1419
Freinberg;<41410>;708;732
Kopfing im Innkreis;<41411>;1009;961
Mayrhof;<41412>;167;151
Münzkirchen;<41413>;1279;1268
Raab;<41414>;1141;1125
Rainbach im Innkreis;<41415>;746;771
Riedau;<41416>;1043;1025
St. Aegidi;<41417>;771;770
St. Florian am Inn;<41418>;1544;1594
St. Marienkirchen bei Schärding;<41419>;961;981
St. Roman;<41420>;877;861
St. Willibald;<41421>;558;564
Schardenberg;<41423>;1221;1233
Schärding;<41422>;2512;2704
Sigharting;<41424>;423;403
Suben;<41425>;937;624
Taufkirchen an der Pram;<41426>;1469;1471
Vichtenstein;<41427>;301;316
Waldkirchen am Wesen;<41428>;604;581
Wernstein am Inn;<41429>;779;775
Zell an der Pram;<41430>;997;989
Linz;<40101>;100472;106065
Wels;<40301>;30995;31659
Alkoven;<40501>;3044;3024
Aschach an der Donau;<40502>;1096;1095
Eferding;<40503>;2056;2220
Fraham;<40504>;1246;1210
Haibach ob der Donau;<40505>;663;608
Hartkirchen;<40506>;1993;2049
Hinzenbach;<40507>;1016;1046
Prambachkirchen;<40508>;1507;1455
Pupping;<40509>;930;876
St. Marienkirchen an der Polsenz;<40510>;1207;1128
Scharten;<40511>;1148;1126
Stroheim;<40512>;816;809
Allhaming;<41001>;606;602
Ansfelden;<41002>;8766;8667
Asten;<41003>;3484;3351
Eggendorf im Traunkreis;<41004>;550;540
Enns;<41005>;5904;5996
Hargelsberg;<41006>;703;717
Hofkirchen im Traunkreis;<41008>;984;974
Hörsching;<41007>;3072;3212
Kematen an der Krems;<41009>;1495;1480
Kirchberg-Thening;<41010>;1212;1273
Kronstorf;<41011>;1772;1780
Leonding;<41012>;13872;15066
Neuhofen an der Krems;<41014>;3250;3428
Niederneukirchen;<41015>;1066;1041
Oftering;<41016>;1066;1068
Pasching;<41017>;3911;3777
Piberbach;<41018>;937;944
Pucking;<41019>;2076;2008
St. Florian;<41013>;3037;3115
St. Marien;<41020>;2425;2446
Traun;<41021>;12370;12458
Wilhering;<41022>;2951;2939
Alberndorf in der Riedmark;<41601>;2117;2097
Altenberg bei Linz;<41602>;2335;2298
Eidenberg;<41604>;1088;1013
Engerwitzdorf;<41605>;4413;4446
Feldkirchen an der Donau;<41606>;2691;2670
Gallneukirchen;<41607>;3220;3405
Goldwörth;<41608>;411;386
Gramastetten;<41609>;2535;2565
Hellmonsödt;<41611>;1159;1190
Herzogsdorf;<41612>;1389;1286
Kirchschlag bei Linz;<41613>;1105;1082
Lichtenberg;<41614>;1391;1396
Ottensheim;<41617>;2297;2467
Puchenau;<41618>;2132;2399
St. Gotthard im Mühlkreis;<41621>;658;657
Sonnberg im Mühlkreis;<41623>;525;535
Steyregg;<41624>;2457;2477
Walding;<41626>;2043;2171
Aichkirchen;<41801>;312;301
Bachmanning;<41802>;371;368
Bad Wimsbach-Neydharting;<41803>;1318;1259
Buchkirchen;<41804>;2015;2013
Eberstalzell;<41805>;1412;1408
Edt bei Lambach;<41806>;1164;1187
Fischlham;<41807>;656;689
Gunskirchen;<41808>;3189;3154
Holzhausen;<41809>;527;495
Krenglbach;<41810>;1583;1632
Lambach;<41811>;1771;1812
Marchtrenk;<41812>;7229;7105
Neukirchen bei Lambach;<41813>;477;487
Offenhausen;<41814>;867;852
Pennewang;<41815>;476;470
Pichl bei Wels;<41816>;1459;1453
Sattledt;<41817>;1349;1341
Schleißheim;<41818>;696;726
Sipbachzell;<41819>;1081;1077
Stadl-Paura;<41820>;2416;2552
Steinerkirchen an der Traun;<41821>;1246;1189
Steinhaus;<41822>;1175;1208
Thalheim bei Wels;<41823>;2694;2870
Weißkirchen an der Traun;<41824>;1750;1693
Bad Zell;<40627>;1470;1464
Freistadt;<40601>;3835;4124
Grünbach;<40602>;997;930
Gutau;<40603>;1411;1341
Hagenberg im Mühlkreis;<40604>;1437;1358
Hirschbach im Mühlkreis;<40605>;589;588
Kaltenberg;<40606>;328;282
Kefermarkt;<40607>;1103;1055
Königswiesen;<40608>;1571;1517
Lasberg;<40609>;1407;1425
Leopoldschlag;<40610>;516;482
Liebenau;<40611>;825;734
Neumarkt im Mühlkreis;<40612>;1577;1563
Pierbach;<40613>;529;490
Pregarten;<40614>;2738;2808
Rainbach im Mühlkreis;<40615>;1509;1456
Sandl;<40616>;730;649
St. Leonhard bei Freistadt;<40617>;697;651
St. Oswald bei Freistadt;<40618>;1493;1417
Schönau im Mühlkreis;<40619>;995;962
Tragwein;<40620>;1609;1522
Unterweißenbach;<40621>;1084;1065
Unterweitersdorf;<40622>;1123;1067
Waldburg;<40623>;712;700
Wartberg ob der Aist;<40624>;2204;2157
Weitersfelden;<40625>;543;512
Windhaag bei Freistadt;<40626>;796;775
Allerheiligen im Mühlkreis;<41101>;652;619
Arbing;<41102>;784;741
Bad Kreuzen;<41108>;1116;1168
Baumgartenberg;<41103>;872;926
Dimbach;<41104>;499;466
Grein;<41105>;1402;1503
Katsdorf;<41106>;1557;1635
Klam;<41107>;486;465
Langenstein;<41109>;1264;1235
Luftenberg an der Donau;<41110>;2155;2197
Mauthausen;<41111>;2418;2528
Mitterkirchen im Machland;<41112>;866;852
Münzbach;<41113>;949;884
Naarn im Machlande;<41114>;1888;1847
Pabneukirchen;<41115>;860;828
Perg;<41116>;4339;4463
Rechberg;<41117>;513;496
Ried in der Riedmark;<41118>;2180;2131
St. Georgen am Walde;<41119>;995;972
St. Georgen an der Gusen;<41120>;2135;2249
St. Nikola an der Donau;<41121>;380;364
St. Thomas am Blasenstein;<41122>;475;442
Saxen;<41123>;863;886
Schwertberg;<41124>;2639;2699
Waldhausen im Strudengau;<41125>;1450;1394
Windhaag bei Perg;<41126>;778;736
Aigen-Schlägl;<41343>;1593;1626
Altenfelden;<41304>;1205;1113
Arnreit;<41305>;605;546
Atzesberg;<41306>;230;210
Auberg;<41307>;285;287
Haslach an der Mühl;<41309>;1256;1292
Helfenberg;<41345>;781;752
Hofkirchen im Mühlkreis;<41312>;765;757
Hörbich;<41311>;219;189
Julbach;<41313>;795;761
Kirchberg ob der Donau;<41314>;536;522
Klaffer am Hochficht;<41315>;663;649
Kleinzell im Mühlkreis;<41316>;856;834
Kollerschlag;<41317>;789;745
Lembach im Mühlkreis;<41318>;751;773
Lichtenau im Mühlkreis;<41319>;247;223
Nebelberg;<41320>;343;308
Neufelden;<41321>;618;591
Neustift im Mühlkreis;<41329>;718;722
Niederkappel;<41322>;519;461
Niederwaldkirchen;<41323>;940;901
Oberkappel;<41324>;367;346
Oepping;<41325>;815;724
Peilstein im Mühlviertel;<41326>;772;770
Pfarrkirchen im Mühlkreis;<41327>;735;682
Putzleinsdorf;<41328>;792;739
Rohrbach-Berg;<41344>;2531;2651
St. Johann am Wimberg;<41331>;490;498
St. Martin im Mühlkreis;<41332>;1937;1839
St. Oswald bei Haslach;<41333>;265;245
St. Peter am Wimberg;<41334>;874;858
St. Stefan-Afiesl;<41346>;573;531
St. Ulrich im Mühlkreis;<41336>;344;326
St. Veit im Mühlkreis;<41337>;647;623
Sarleinsbach;<41338>;1151;1105
Schwarzenberg am Böhmerwald;<41341>;299;272
Ulrichsberg;<41342>;1420;1426
Bad Leonfelden;<41603>;2100;2170
Haibach im Mühlkreis;<41610>;486;435
Oberneukirchen;<41615>;1617;1551
Ottenschlag im Mühlkreis;<41616>;281;283
Reichenau im Mühlkreis;<41619>;661;660
Reichenthal;<41620>;761;728
Schenkenfelden;<41622>;803;778
Vorderweißenbach;<41628>;1397;1273
Zwettl an der Rodl;<41627>;867;878
Steyr;<40201>;18586;19366
Edlbach;<40901>;323;312
Grünburg;<40902>;1932;1915
Hinterstoder;<40903>;430;472
Inzersdorf im Kremstal;<40904>;960;917
Kirchdorf an der Krems;<40905>;2172;2454
Klaus an der Pyhrnbahn;<40906>;566;505
Kremsmünster;<40907>;3255;3393
Micheldorf in Oberösterreich;<40908>;2992;2913
Molln;<40909>;1852;1793
Nußbach;<40910>;1135;1157
Oberschlierbach;<40911>;254;230
Pettenbach;<40912>;2665;2671
Ried im Traunkreis;<40913>;1440;1409
Rosenau am Hengstpaß;<40914>;330;322
Roßleithen;<40915>;946;965
St. Pankraz;<40916>;173;179
Schlierbach;<40917>;1477;1409
Spital am Pyhrn;<40918>;1161;1086
Steinbach am Ziehberg;<40919>;454;412
Steinbach an der Steyr;<40920>;1014;967
Vorderstoder;<40921>;429;390
Wartberg an der Krems;<40922>;1500;1472
Windischgarsten;<40923>;1122;1238
Adlwang;<41501>;1016;932
Aschach an der Steyr;<41502>;1164;1148
Bad Hall;<41503>;2698;2894
Dietach;<41504>;1659;1648
Gaflenz;<41505>;967;955
Garsten;<41506>;3342;3261
Großraming;<41507>;1370;1301
Laussa;<41508>;616;619
Losenstein;<41509>;806;782
Maria Neustift;<41510>;844;791
Pfarrkirchen bei Bad Hall;<41511>;1149;1167
Reichraming;<41512>;857;850
Rohr im Kremstal;<41513>;711;734
St. Ulrich bei Steyr;<41514>;1533;1551
Schiedlberg;<41515>;647;633
Sierning;<41516>;4606;4807
Ternberg;<41517>;1694;1676
Waldneukirchen;<41518>;1138;1100
Weyer;<41522>;2038;2030
Wolfern;<41521>;1561;1641
Altmünster;<40701>;4800;5065
Bad Goisern am Hallstädtersee;<40702>;3721;3807
Bad Ischl;<40703>;6729;7380
Ebensee am Traunsee;<40704>;3703;3894
Gmunden;<40705>;6187;7016
Gosau;<40706>;888;934
Grünau im Almtal;<40707>;1018;1027
Gschwandt;<40708>;1450;1430
Hallstatt;<40709>;377;369
Kirchham;<40710>;1122;1116
Laakirchen;<40711>;4877;4866
Obertraun;<40712>;367;376
Ohlsdorf;<40713>;2662;2624
Pinsdorf;<40714>;1995;2088
Roitham am Traunfall;<40715>;1034;1017
St. Konrad;<40716>;601;557
St. Wolfgang im Salzkammergut;<40717>;1417;1418
Scharnstein;<40719>;2449;2498
Traunkirchen;<40718>;780;871
Vorchdorf;<40720>;3828;3744
Ampflwang im Hausruckwald;<41701>;1712;1676
Attersee am Attersee;<41702>;772;844
Attnang-Puchheim;<41703>;4518;4583
Atzbach;<41704>;615;614
Aurach am Hongar;<41705>;914;862
Berg im Attergau;<41706>;546;524
Desselbrunn;<41707>;927;961
Fornach;<41708>;487;482
Frankenburg am Hausruck;<41709>;2457;2427
Frankenmarkt;<41710>;1865;1892
Gampern;<41711>;1526;1435
Innerschwand am Mondsee;<41712>;612;603
Lenzing;<41713>;2552;2672
Manning;<41714>;399;390
Mondsee;<41715>;1885;2049
Neukirchen an der Vöckla;<41716>;1322;1318
Niederthalheim;<41717>;572;560
Nußdorf am Attersee;<41718>;574;559
Oberhofen am Irrsee;<41719>;863;833
Oberndorf bei Schwanenstadt;<41720>;684;660
Oberwang;<41721>;881;859
Ottnang am Hausruck;<41722>;1975;1922
Pfaffing;<41723>;750;765
Pilsbach;<41724>;323;308
Pitzenberg;<41725>;269;277
Pöndorf;<41726>;1262;1156
Puchkirchen am Trattberg;<41727>;561;531
Pühret;<41728>;307;315
Redleiten;<41729>;264;273
Redlham;<41730>;846;782
Regau;<41731>;3437;3337
Rüstorf;<41732>;1091;1105
Rutzenham;<41733>;147;149
St. Georgen im Attergau;<41734>;2262;2230
St. Lorenz;<41735>;1245;1276
Schlatt;<41736>;697;719
Schörfling am Attersee;<41737>;1712;1749
Schwanenstadt;<41738>;2182;2312
Seewalchen am Attersee;<41739>;2768;2935
Steinbach am Attersee;<41740>;433;471
Straß im Attergau;<41741>;755;770
Tiefgraben;<41742>;2022;1992
Timelkam;<41743>;2917;2999
Ungenach;<41744>;749;738
Unterach am Attersee;<41745>;748;768
Vöcklabruck;<41746>;5943;6502
Vöcklamarkt;<41747>;2528;2520
Weißenkirchen im Attergau;<41748>;479;477
Weyregg am Attersee;<41749>;758;804
Wolfsegg am Hausruck;<41750>;1001;1033
Zell am Moos;<41751>;827;798
Zell am Pettenfirst;<41752>;643;593
Göriach;<50501>;180;168
Lessach;<50502>;278;255
Mariapfarr;<50503>;1160;1229
Mauterndorf;<50504>;761;834
Muhr;<50505>;254;231
Ramingstein;<50506>;547;491
St. Andrä im Lungau;<50507>;394;380
St. Margarethen im Lungau;<50508>;359;362
St. Michael im Lungau;<50509>;1710;1779
Tamsweg;<50510>;2737;2924
Thomatal;<50511>;190;162
Tweng;<50512>;124;121
Unternberg;<50513>;515;492
Weißpriach;<50514>;158;153
Zederhaus;<50515>;603;567
Altenmarkt im Pongau;<50401>;2208;2279
Bad Gastein;<50403>;1925;2036
Bad Hofgastein;<50402>;3263;3553
Bischofshofen;<50404>;5146;5398
Dorfgastein;<50405>;811;827
Eben im Pongau;<50406>;1294;1257
Filzmoos;<50407>;742;769
Flachau;<50408>;1469;1455
Forstau;<50409>;270;277
Goldegg;<50410>;1260;1298
Großarl;<50411>;1954;1820
Hüttau;<50412>;751;714
Hüttschlag;<50413>;453;459
Kleinarl;<50414>;399;409
Mühlbach am Hochkönig;<50415>;702;742
Pfarrwerfen;<50416>;1256;1255
Radstadt;<50417>;2407;2471
St. Johann im Pongau;<50418>;5530;5801
St. Martin am Tennengebirge;<50419>;867;851
St. Veit im Pongau;<50420>;1928;1953
Schwarzach im Pongau;<50421>;1658;1805
Untertauern;<50422>;220;242
Wagrain;<50423>;1568;1548
Werfen;<50424>;1522;1506
Werfenweng;<50425>;538;526
Bramberg am Wildkogel;<50601>;1960;1997
Bruck an der Großglocknerstraße;<50602>;2393;2435
Dienten am Hochkönig;<50603>;370;351
Fusch an der Großglocknerstraße;<50604>;363;396
Hollersbach im Pinzgau;<50605>;635;616
Kaprun;<50606>;1516;1596
Krimml;<50607>;421;421
Lend;<50608>;639;622
Leogang;<50609>;1702;1705
Lofer;<50610>;1014;1079
Maishofen;<50611>;1773;1866
Maria Alm am Steinernen Meer;<50612>;1072;1124
Mittersill;<50613>;2745;2830
Neukirchen am Großvenediger;<50614>;1291;1289
Niedernsill;<50615>;1360;1407
Piesendorf;<50616>;1901;1908
Rauris;<50617>;1496;1523
Saalbach-Hinterglemm;<50618>;1424;1403
Saalfelden am Steinernen Meer;<50619>;8220;8570
St. Martin bei Lofer;<50620>;584;622
Stuhlfelden;<50621>;810;765
Taxenbach;<50622>;1374;1337
Unken;<50623>;938;977
Uttendorf;<50624>;1484;1547
Viehhofen;<50625>;296;294
Wald im Pinzgau;<50626>;603;561
Weißbach bei Lofer;<50627>;218;194
Zell am See;<50628>;4922;5209
Salzburg;<50101>;74502;80914
Abtenau;<50201>;2910;2984
Adnet;<50202>;1825;1850
Annaberg-Lungötz;<50203>;1139;1090
Bad Vigaun;<50213>;1035;1054
Golling an der Salzach;<50204>;2105;2217
Hallein;<50205>;10361;10992
Krispl;<50206>;467;418
Kuchl;<50207>;3606;3778
Oberalm;<50208>;2150;2312
Puch bei Hallein;<50209>;2361;2367
Rußbach am Paß Gschütt;<50210>;376;399
St. Koloman;<50211>;892;891
Scheffau am Tennengebirge;<50212>;723;690
Anif;<50301>;2050;2277
Anthering;<50302>;1867;1870
Bergheim;<50303>;2885;2856
Berndorf bei Salzburg;<50304>;850;856
Bürmoos;<50305>;2429;2511
Dorfbeuern;<50306>;788;792
Ebenau;<50307>;738;702
Elixhausen;<50308>;1544;1508
Elsbethen;<50309>;2644;2850
Eugendorf;<50310>;3447;3636
Faistenau;<50311>;1543;1542
Fuschl am See;<50312>;766;825
Göming;<50313>;388;390
Grödig;<50314>;3520;3872
Großgmain;<50315>;1269;1371
Hallwang;<50316>;2079;2113
Henndorf am Wallersee;<50317>;2488;2537
Hintersee;<50318>;232;240
Hof bei Salzburg;<50319>;1806;1781
Koppl;<50321>;1861;1798
Köstendorf;<50320>;1363;1296
Lamprechtshausen;<50322>;2038;2017
Mattsee;<50323>;1667;1779
Neumarkt am Wallersee;<50324>;3201;3291
Nußdorf am Haunsberg;<50325>;1208;1209
Oberndorf bei Salzburg;<50326>;2802;3048
Obertrum am See;<50327>;2494;2462
Plainfeld;<50328>;651;610
St. Georgen bei Salzburg;<50329>;1545;1486
St. Gilgen;<50330>;1931;1974
Schleedorf;<50331>;577;542
Seeham;<50332>;951;991
Seekirchen am Wallersee;<50339>;5369;5632
Straßwalchen;<50335>;3899;3854
Strobl;<50336>;1826;1844
Thalgau;<50337>;3009;2962
Wals-Siezenheim;<50338>;6539;7036
Bach;<70801>;303;331
Berwang;<70802>;297;300
Biberwier;<70803>;299;332
Bichlbach;<70804>;377;395
Breitenwang;<70805>;763;716
Ehenbichl;<70806>;392;429
Ehrwald;<70807>;1249;1344
Elbigenalp;<70808>;437;447
Elmen;<70809>;182;209
Forchach;<70810>;131;129
Gramais;<70812>;18;23
Grän;<70811>;309;288
Häselgehr;<70813>;351;315
Heiterwang;<70814>;272;259
Hinterhornbach;<70815>;52;42
Höfen;<70816>;622;631
Holzgau;<70817>;184;203
Jungholz;<70818>;154;148
Kaisers;<70819>;43;35
Lechaschau;<70820>;1019;1062
Lermoos;<70821>;569;569
Musau;<70822>;189;195
Namlos;<70823>;40;25
Nesselwängle;<70824>;238;218
Pfafflar;<70825>;58;47
Pflach;<70826>;760;742
Pinswang;<70827>;199;202
Reutte;<70828>;3430;3559
Schattwald;<70829>;209;247
Stanzach;<70830>;244;241
Steeg;<70831>;336;323
Tannheim;<70832>;567;565
Vils;<70833>;736;747
Vorderhornbach;<70834>;130;127
Wängle;<70835>;469;474
Weißenbach am Lech;<70836>;630;637
Zöblen;<70837>;125;115
Innsbruck;<70101>;64349;66710
Absam;<70301>;3548;3771
Aldrans;<70302>;1378;1383
Ampass;<70303>;928;904
Axams;<70304>;3007;3104
Baumkirchen;<70305>;674;623
Birgitz;<70306>;737;759
Ellbögen;<70307>;580;566
Flaurling;<70308>;621;688
Fritzens;<70309>;1058;1090
Fulpmes;<70310>;2246;2249
Gnadenwald;<70311>;418;408
Götzens;<70312>;2010;2128
Gries am Brenner;<70313>;678;654
Gries im Sellrain;<70314>;312;307
Grinzens;<70315>;696;714
Gschnitz;<70317>;215;221
Hall in Tirol;<70354>;6872;7371
Hatting;<70318>;734;735
Inzing;<70319>;1992;1998
Kematen in Tirol;<70320>;1482;1532
Kolsass;<70322>;829;838
Kolsassberg;<70323>;413;421
Lans;<70325>;549;562
Leutasch;<70326>;1210;1209
Matrei am Brenner;<70370>;1797;1798
Mieders;<70328>;970;970
Mils;<70329>;2261;2288
Mutters;<70331>;1074;1156
Natters;<70332>;1035;1052
Navis;<70333>;1047;1003
Neustift im Stubaital;<70334>;2389;2428
Oberhofen im Inntal;<70335>;949;953
Obernberg am Brenner;<70336>;208;170
Oberperfuss;<70337>;1554;1528
Patsch;<70338>;548;541
Pettnau;<70339>;528;536
Pfaffenhofen;<70340>;600;585
Polling in Tirol;<70342>;649;633
Ranggen;<70343>;534;556
Reith bei Seefeld;<70344>;719;707
Rinn;<70345>;975;976
Rum;<70346>;4443;4868
St. Sigmund im Sellrain;<70347>;87;92
Scharnitz;<70348>;675;680
Schmirn;<70349>;460;425
Schönberg im Stubaital;<70350>;565;532
Seefeld in Tirol;<70351>;1722;1797
Sellrain;<70352>;668;671
Sistrans;<70353>;1101;1149
Steinach am Brenner;<70355>;1810;1825
Telfes im Stubai;<70356>;820;772
Telfs;<70357>;7958;8133
Thaur;<70358>;2014;2098
Trins;<70359>;658;687
Tulfes;<70360>;850;843
Unterperfuss;<70361>;99;131
Vals;<70362>;278;249
Volders;<70365>;2249;2248
Völs;<70364>;3381;3582
Wattenberg;<70366>;398;378
Wattens;<70367>;3828;4156
Wildermieming;<70368>;468;514
Zirl;<70369>;4013;4184
Abfaltersbach;<70701>;322;325
Ainet;<70702>;466;455
Amlach;<70703>;238;254
Anras;<70704>;606;623
Assling;<70705>;921;865
Außervillgraten;<70706>;382;364
Dölsach;<70707>;1147;1156
Gaimberg;<70708>;435;437
Heinfels;<70735>;504;504
Hopfgarten in Defereggen;<70709>;361;325
Innervillgraten;<70710>;468;444
Iselsberg-Stronach;<70711>;307;298
Kals am Großglockner;<70712>;560;560
Kartitsch;<70713>;387;372
Lavant;<70714>;179;160
Leisach;<70715>;351;356
Lienz;<70716>;5572;6363
Matrei in Osttirol;<70717>;2326;2307
Nikolsdorf;<70718>;454;433
Nußdorf-Debant;<70719>;1661;1742
Oberlienz;<70720>;747;711
Obertilliach;<70721>;337;319
Prägraten am Großvenediger;<70723>;593;551
St. Jakob in Defereggen;<70724>;419;410
St. Johann im Walde;<70725>;150;147
St. Veit in Defereggen;<70726>;330;306
Schlaiten;<70727>;230;223
Sillian;<70728>;1002;1028
Strassen;<70729>;405;392
Thurn;<70731>;315;310
Tristach;<70732>;729;732
Untertilliach;<70733>;110;113
Virgen;<70734>;1152;1063
Arzl im Pitztal;<70201>;1573;1567
Haiming;<70202>;2373;2397
Imst;<70203>;5345;5537
Imsterberg;<70204>;393;401
Jerzens;<70205>;484;460
Karres;<70206>;285;327
Karrösten;<70207>;349;337
Längenfeld;<70208>;2346;2434
Mieming;<70209>;1869;1959
Mils bei Imst;<70210>;318;292
Mötz;<70211>;669;639
Nassereith;<70212>;1101;1055
Obsteig;<70213>;681;723
Oetz;<70214>;1161;1174
Rietz;<70215>;1197;1253
Roppen;<70216>;924;953
St. Leonhard im Pitztal;<70217>;715;673
Sautens;<70218>;831;809
Silz;<70219>;1279;1291
Sölden;<70220>;1482;1473
Stams;<70221>;782;774
Tarrenz;<70222>;1395;1382
Umhausen;<70223>;1711;1668
Wenns;<70224>;1054;1027
Faggen;<70601>;181;202
Fendels;<70602>;132;143
Fiss;<70603>;522;473
Fließ;<70604>;1566;1528
Flirsch;<70605>;494;497
Galtür;<70606>;380;387
Grins;<70607>;685;690
Ischgl;<70608>;779;785
Kappl;<70609>;1261;1268
Kaunerberg;<70610>;231;206
Kaunertal;<70611>;309;307
Kauns;<70612>;255;247
Ladis;<70613>;278;261
Landeck;<70614>;3715;3971
Nauders;<70615>;763;780
Pettneu am Arlberg;<70616>;747;738
Pfunds;<70617>;1257;1328
Pians;<70618>;395;388
Prutz;<70619>;913;971
Ried im Oberinntal;<70620>;615;635
St. Anton am Arlberg;<70621>;1177;1180
Schönwies;<70622>;814;844
See;<70623>;636;617
Serfaus;<70624>;578;573
Spiss;<70625>;50;49
Stanz bei Landeck;<70626>;302;274
Strengen;<70627>;618;622
Tobadill;<70628>;260;248
Tösens;<70629>;364;398
Zams;<70630>;1665;1794
Aurach bei Kitzbühel;<70401>;544;588
Brixen im Thale;<70402>;1277;1359
Fieberbrunn;<70403>;2210;2197
Going am Wilden Kaiser;<70404>;956;963
Hochfilzen;<70405>;638;637
Hopfgarten im Brixental;<70406>;2787;2863
Itter;<70407>;594;579
Jochberg;<70408>;736;822
Kirchberg in Tirol;<70409>;2558;2700
Kirchdorf in Tirol;<70410>;2005;2019
Kitzbühel;<70411>;3867;4372
Kössen;<70412>;2183;2273
Oberndorf in Tirol;<70413>;1116;1218
Reith bei Kitzbühel;<70414>;801;891
St. Jakob in Haus;<70415>;401;398
St. Johann in Tirol;<70416>;4622;5041
St. Ulrich am Pillersee;<70417>;926;946
Schwendt;<70418>;454;423
Waidring;<70419>;1029;1019
Westendorf;<70420>;1788;1876
Alpbach;<70501>;1280;1258
Angath;<70502>;514;517
Angerberg;<70528>;956;969
Bad Häring;<70503>;1438;1444
Brandenberg;<70504>;800;731
Breitenbach am Inn;<70505>;1769;1748
Brixlegg;<70506>;1496;1547
Ebbs;<70508>;2846;2870
Ellmau;<70509>;1403;1463
Erl;<70510>;780;773
Kirchbichl;<70511>;2875;2996
Kramsach;<70512>;2420;2551
Kufstein;<70513>;9423;10089
Kundl;<70514>;2338;2424
Langkampfen;<70515>;2075;2084
Mariastein;<70516>;227;231
Münster;<70517>;1724;1735
Niederndorf;<70518>;1363;1457
Niederndorferberg;<70519>;372;348
Radfeld;<70520>;1279;1272
Rattenberg;<70521>;239;209
Reith im Alpbachtal;<70522>;1370;1399
Rettenschöss;<70523>;286;273
Scheffau am Wilden Kaiser;<70524>;751;753
Schwoich;<70525>;1300;1262
Söll;<70526>;1884;1838
Thiersee;<70527>;1571;1526
Walchsee;<70529>;1014;1027
Wildschönau;<70530>;2197;2117
Wörgl;<70531>;6928;7251
Achenkirch;<70901>;1079;1090
Aschau im Zillertal;<70902>;931;935
Brandberg;<70903>;186;182
Bruck am Ziller;<70904>;559;573
Buch bei Jenbach;<70905>;1328;1268
Eben am Achensee;<70907>;1654;1698
Finkenberg;<70908>;718;695
Fügen;<70909>;2022;2205
Fügenberg;<70910>;710;726
Gallzein;<70911>;349;330
Gerlos;<70912>;390;415
Gerlosberg;<70913>;245;227
Hainzenberg;<70914>;366;357
Hart im Zillertal;<70915>;800;800
Hippach;<70916>;723;720
Jenbach;<70917>;3548;3627
Kaltenbach;<70918>;682;637
Mayrhofen;<70920>;1909;1998
Pill;<70921>;597;605
Ramsau im Zillertal;<70922>;848;822
Ried im Zillertal;<70923>;632;646
Rohrberg;<70924>;288;293
Schlitters;<70925>;743;765
Schwaz;<70926>;6723;7087
Schwendau;<70927>;868;890
Stans;<70928>;1084;1075
Steinberg am Rofan;<70929>;147;140
Strass im Zillertal;<70930>;434;426
Stumm;<70931>;936;992
Stummerberg;<70932>;435;416
Terfens;<70933>;1130;1092
Tux;<70934>;966;958
Uderns;<70935>;907;930
Vomp;<70936>;2593;2690
Weer;<70937>;820;820
Weerberg;<70938>;1306;1189
Wiesing;<70939>;1060;1084
Zell am Ziller;<70940>;824;833
Zellberg;<70941>;352;328
Bartholomäberg;<80101>;1197;1171
Blons;<80102>;184;157
Bludenz;<80103>;7537;7424
Bludesch;<80104>;1238;1206
Brand;<80105>;399;367
Bürs;<80106>;1625;1727
Bürserberg;<80107>;281;280
Dalaas;<80108>;832;815
Fontanella;<80109>;238;219
Gaschurn;<80110>;739;702
Innerbraz;<80111>;487;522
Klösterle;<80112>;352;325
Lech;<80113>;752;825
Lorüns;<80114>;150;136
Ludesch;<80115>;1833;1806
Nenzing;<80116>;3176;3029
Nüziders;<80117>;2426;2537
Raggal;<80118>;441;436
St. Anton im Montafon;<80119>;339;354
St. Gallenkirch;<80120>;1118;1098
St. Gerold;<80121>;203;203
Schruns;<80122>;1910;1988
Silbertal;<80123>;447;403
Sonntag;<80124>;327;304
Stallehr;<80125>;145;131
Thüringen;<80126>;1114;1101
Thüringerberg;<80127>;353;347
Tschagguns;<80128>;1072;1100
Vandans;<80129>;1371;1369
Andelsbuch;<80202>;1303;1308
Au;<80203>;886;895
Bezau;<80204>;999;1032
Bizau;<80206>;542;569
Damüls;<80209>;167;160
Egg;<80211>;1815;1837
Hittisau;<80216>;1025;1035
Krumbach;<80221>;553;513
Langenegg;<80223>;566;593
Lingenau;<80225>;792;762
Mellau;<80227>;680;608
Mittelberg;<80228>;2421;2526
Reuthe;<80230>;332;323
Schnepfau;<80232>;238;232
Schoppernau;<80233>;477;465
Schröcken;<80234>;110;96
Schwarzenberg;<80236>;932;891
Sibratsgfäll;<80237>;225;209
Warth;<80239>;90;81
Alberschwende;<80201>;1653;1554
Bildstein;<80205>;412;394
Bregenz;<80207>;14346;15188
Buch;<80208>;305;305
Doren;<80210>;529;505
Eichenberg;<80212>;209;208
Fußach;<80213>;1993;1880
Gaißau;<80214>;935;940
Hard;<80215>;6675;6916
Höchst;<80217>;4102;4065
Hohenweiler;<80219>;648;679
Hörbranz;<80218>;3261;3375
Kennelbach;<80220>;903;982
Langen bei Bregenz;<80222>;736;750
Lauterach;<80224>;5183;5181
Lochau;<80226>;2936;3308
Möggers;<80229>;267;257
Riefensberg;<80231>;554;492
Schwarzach;<80235>;1933;1986
Sulzberg;<80238>;924;898
Wolfurt;<80240>;4363;4292
Dornbirn;<80301>;24953;25304
Hohenems;<80302>;8319;8450
Lustenau;<80303>;11616;11860
Altach;<80401>;3360;3517
Düns;<80402>;202;201
Dünserberg;<80403>;76;64
Feldkirch;<80404>;17011;17527
Frastanz;<80405>;3266;3293
Fraxern;<80406>;366;353
Göfis;<80407>;1661;1660
Götzis;<80408>;5909;5859
Klaus;<80409>;1591;1528
Koblach;<80410>;2366;2427
Laterns;<80411>;343;332
Mäder;<80412>;2058;2034
Meiningen;<80413>;1185;1163
Rankweil;<80414>;5875;6151
Röns;<80415>;174;176
Röthis;<80416>;1079;1080
Satteins;<80417>;1348;1375
Schlins;<80418>;1254;1255
Schnifis;<80419>;425;383
Sulz;<80420>;1266;1331
Übersaxen;<80421>;318;301
Viktorsberg;<80422>;206;209
Weiler;<80423>;1083;1088
Zwischenwasser;<80424>;1739;1589
Nicht klassifizierbar;<0>;0;0
